0 0.094727 0.332031 0.189453 0.175781 0.910860
0 0.748047 0.369141 0.234375 0.183594 0.899853
0 0.401367 0.344727 0.224609 0.181641 0.891897
0 0.066406 0.659180 0.132812 0.181641 0.886848
0 0.758789 0.087891 0.224609 0.160156 0.885295
0 0.774414 0.706055 0.224609 0.201172 0.884910
0 0.394531 0.647461 0.257812 0.232422 0.877129
0 0.440430 0.079102 0.201172 0.134766 0.848750
0 0.148438 0.070312 0.210938 0.140625 0.824921
0 0.974609 0.382812 0.046875 0.203125 0.724479
0 0.982422 0.089844 0.031250 0.171875 0.319073
