0 0.922852 0.670898 0.150391 0.197266 0.911480
0 0.902344 0.369141 0.191406 0.171875 0.894736
0 0.636719 0.698242 0.234375 0.208984 0.886088
0 0.261719 0.394531 0.226562 0.167969 0.885994
0 0.598633 0.394531 0.216797 0.175781 0.882865
0 0.851562 0.098633 0.179688 0.126953 0.876376
0 0.571289 0.108398 0.208984 0.146484 0.875233
0 0.292969 0.707031 0.265625 0.242188 0.862114
0 0.019531 0.410156 0.039062 0.171875 0.782808
0 0.042969 0.130859 0.085938 0.160156 0.728024
0 0.258789 0.120117 0.173828 0.111328 0.708433
0 0.021484 0.715820 0.042969 0.220703 0.580583
