0 0.925781 0.419922 0.144531 0.175781 0.914033
0 0.911133 0.159180 0.173828 0.154297 0.912642
0 0.633789 0.429688 0.212891 0.183594 0.907196
0 0.685547 0.730469 0.246094 0.191406 0.897259
0 0.317383 0.173828 0.232422 0.156250 0.896175
0 0.301758 0.434570 0.248047 0.185547 0.893711
0 0.315430 0.750000 0.220703 0.203125 0.891477
0 0.616211 0.155273 0.181641 0.119141 0.867285
0 0.963867 0.697266 0.068359 0.203125 0.862656
0 0.041016 0.430664 0.082031 0.201172 0.847178
0 0.042969 0.774414 0.085938 0.240234 0.845433
0 0.049805 0.174805 0.099609 0.134766 0.746626
