0 0.106445 0.393555 0.212891 0.185547 0.908608
0 0.427734 0.395508 0.234375 0.189453 0.895603
0 0.094727 0.728516 0.189453 0.191406 0.894364
0 0.777344 0.407227 0.234375 0.177734 0.890933
0 0.455078 0.701172 0.253906 0.230469 0.886388
0 0.832031 0.735352 0.226562 0.197266 0.885686
0 0.758789 0.125977 0.220703 0.158203 0.884003
0 0.442383 0.119141 0.205078 0.125000 0.828820
0 0.147461 0.122070 0.216797 0.130859 0.800215
0 0.984375 0.401367 0.027344 0.216797 0.356274
0 0.982422 0.118164 0.031250 0.166016 0.281954
