0 0.436523 0.065430 0.197266 0.130859 0.910336
0 0.085938 0.620117 0.171875 0.216797 0.903164
0 0.385742 0.338867 0.232422 0.185547 0.898742
0 0.704102 0.332031 0.224609 0.175781 0.891298
0 0.365234 0.638672 0.226562 0.199219 0.882753
0 0.730469 0.656250 0.285156 0.222656 0.882382
0 0.704102 0.054688 0.181641 0.109375 0.880166
0 0.143555 0.054688 0.193359 0.109375 0.868089
0 0.103516 0.324219 0.207031 0.187500 0.858930
0 0.961914 0.344727 0.072266 0.197266 0.853084
0 0.956055 0.061523 0.083984 0.123047 0.830332
