0 0.443359 0.133789 0.171875 0.134766 0.907093
0 0.734375 0.144531 0.207031 0.144531 0.901946
0 0.748047 0.412109 0.210938 0.183594 0.901364
0 0.096680 0.763672 0.193359 0.218750 0.894665
0 0.766602 0.750977 0.236328 0.205078 0.893660
0 0.113281 0.404297 0.226562 0.183594 0.891266
0 0.423828 0.741211 0.257812 0.220703 0.891060
0 0.162109 0.150391 0.218750 0.167969 0.876732
0 0.954102 0.137695 0.087891 0.123047 0.840443
0 0.960938 0.403320 0.074219 0.189453 0.818926
1 0.432617 0.412109 0.216797 0.179688 0.590138
