0 0.079102 0.297852 0.158203 0.166016 0.913146
0 0.705078 0.310547 0.222656 0.179688 0.892217
0 0.379883 0.311523 0.212891 0.154297 0.891840
0 0.079102 0.608398 0.158203 0.244141 0.891807
0 0.375000 0.622070 0.242188 0.208984 0.889197
0 0.713867 0.619141 0.267578 0.210938 0.887491
0 0.098633 0.049805 0.173828 0.099609 0.883403
0 0.406250 0.048828 0.210938 0.097656 0.878627
0 0.694336 0.038086 0.197266 0.076172 0.859893
0 0.952148 0.052734 0.091797 0.105469 0.845174
0 0.950195 0.317383 0.095703 0.193359 0.835177
0 0.977539 0.638672 0.041016 0.214844 0.437149
