0 0.088867 0.402344 0.177734 0.171875 0.932077
0 0.078125 0.681641 0.156250 0.179688 0.909063
0 0.126953 0.150391 0.199219 0.140625 0.903873
0 0.748047 0.705078 0.230469 0.179688 0.901232
0 0.386719 0.391602 0.207031 0.166016 0.895965
0 0.693359 0.141602 0.207031 0.154297 0.889635
0 0.961914 0.404297 0.072266 0.179688 0.886389
0 0.712891 0.411133 0.210938 0.173828 0.881625
0 0.383789 0.140625 0.173828 0.121094 0.873720
0 0.396484 0.702148 0.273438 0.232422 0.869169
0 0.952148 0.130859 0.091797 0.156250 0.845740
