0 0.910156 0.115234 0.175781 0.140625 0.913471
0 0.680664 0.690430 0.228516 0.208984 0.911051
0 0.621094 0.389648 0.218750 0.169922 0.907504
0 0.042969 0.389648 0.085938 0.173828 0.903614
0 0.332031 0.152344 0.230469 0.152344 0.900321
0 0.600586 0.132812 0.158203 0.117188 0.898146
0 0.938477 0.387695 0.119141 0.181641 0.894988
0 0.310547 0.396484 0.222656 0.152344 0.891392
0 0.311523 0.697266 0.228516 0.195312 0.885012
0 0.048828 0.143555 0.097656 0.130859 0.870376
0 0.036133 0.686523 0.072266 0.236328 0.809463
