0 0.328125 0.418945 0.210938 0.197266 0.904685
0 0.343750 0.117188 0.195312 0.140625 0.898222
0 0.069336 0.128906 0.138672 0.152344 0.896134
0 0.937500 0.389648 0.121094 0.189453 0.892663
0 0.693359 0.688477 0.242188 0.216797 0.885290
0 0.661133 0.392578 0.220703 0.191406 0.884227
0 0.352539 0.712891 0.224609 0.203125 0.871848
0 0.041992 0.410156 0.083984 0.183594 0.865599
0 0.637695 0.131836 0.185547 0.169922 0.863770
0 0.921875 0.116211 0.152344 0.154297 0.843368
0 0.043945 0.709961 0.087891 0.216797 0.833214
0 0.973633 0.692383 0.048828 0.205078 0.533757
