0 0.093750 0.065430 0.187500 0.130859 0.913656
0 0.358398 0.652344 0.259766 0.230469 0.896400
0 0.718750 0.329102 0.253906 0.189453 0.896265
1 0.378906 0.062500 0.179688 0.125000 0.895877
0 0.072266 0.333984 0.144531 0.187500 0.888527
0 0.362305 0.313477 0.224609 0.181641 0.882361
0 0.718750 0.058594 0.253906 0.117188 0.878572
0 0.049805 0.645508 0.099609 0.205078 0.876783
1 0.768555 0.658203 0.255859 0.214844 0.811025
0 0.977539 0.324219 0.041016 0.195312 0.647496
0 0.966797 0.046875 0.062500 0.093750 0.370067
