0 0.909180 0.153320 0.177734 0.146484 0.921130
0 0.917969 0.431641 0.164062 0.187500 0.916929
0 0.315430 0.148438 0.189453 0.136719 0.906816
0 0.615234 0.750000 0.273438 0.218750 0.896296
0 0.250977 0.738281 0.216797 0.203125 0.892404
0 0.582031 0.147461 0.164062 0.130859 0.890252
0 0.592773 0.427734 0.216797 0.179688 0.887636
0 0.272461 0.439453 0.220703 0.191406 0.885471
0 0.947266 0.746094 0.105469 0.199219 0.881666
0 0.045898 0.150391 0.091797 0.148438 0.868251
0 0.020508 0.395508 0.041016 0.177734 0.668021
