0 0.652344 0.704102 0.230469 0.216797 0.917780
0 0.274414 0.409180 0.220703 0.185547 0.909641
0 0.921875 0.374023 0.152344 0.193359 0.907098
0 0.284180 0.721680 0.248047 0.205078 0.906884
0 0.922852 0.113281 0.150391 0.156250 0.906492
0 0.066406 0.146484 0.132812 0.160156 0.896438
0 0.620117 0.399414 0.228516 0.185547 0.893282
0 0.304688 0.125000 0.191406 0.125000 0.863313
0 0.949219 0.681641 0.097656 0.222656 0.839080
0 0.029297 0.404297 0.058594 0.195312 0.812607
0 0.628906 0.119141 0.218750 0.160156 0.625680
