0 0.089844 0.443359 0.179688 0.191406 0.919464
1 0.682617 0.466797 0.208984 0.171875 0.897389
0 0.400391 0.196289 0.218750 0.158203 0.891338
0 0.058594 0.733398 0.117188 0.208984 0.888600
0 0.358398 0.463867 0.212891 0.177734 0.887187
1 0.108398 0.200195 0.162109 0.138672 0.884564
0 0.347656 0.767578 0.218750 0.207031 0.883593
0 0.946289 0.207031 0.103516 0.152344 0.877889
0 0.701172 0.759766 0.253906 0.207031 0.873372
0 0.693359 0.212891 0.191406 0.152344 0.863853
0 0.951172 0.476562 0.093750 0.191406 0.836748
0 0.976562 0.769531 0.042969 0.210938 0.656545
