0 0.085938 0.096680 0.171875 0.134766 0.913605
0 0.919922 0.677734 0.156250 0.218750 0.913180
0 0.923828 0.367188 0.152344 0.179688 0.905006
0 0.344727 0.091797 0.158203 0.113281 0.901458
0 0.643555 0.110352 0.212891 0.150391 0.899466
0 0.628906 0.355469 0.214844 0.175781 0.897743
0 0.308594 0.326172 0.187500 0.199219 0.888019
0 0.913086 0.093750 0.169922 0.121094 0.882456
0 0.636719 0.683594 0.210938 0.207031 0.873577
0 0.300781 0.645508 0.261719 0.208984 0.868667
0 0.035156 0.358398 0.070312 0.166016 0.836729
0 0.036133 0.625977 0.072266 0.181641 0.665493
