0 0.742188 0.731445 0.257812 0.220703 0.901814
0 0.421875 0.149414 0.203125 0.150391 0.901353
0 0.091797 0.368164 0.183594 0.208984 0.896418
0 0.408203 0.398438 0.222656 0.183594 0.893185
0 0.723633 0.418945 0.205078 0.173828 0.893158
0 0.099609 0.702148 0.199219 0.224609 0.888603
0 0.943359 0.170898 0.109375 0.162109 0.878503
0 0.122070 0.121094 0.173828 0.117188 0.875581
0 0.702148 0.141602 0.169922 0.123047 0.870099
0 0.407227 0.736328 0.224609 0.210938 0.867580
0 0.957031 0.425781 0.082031 0.195312 0.643714
0 0.981445 0.725586 0.033203 0.240234 0.498869
