0 0.201172 0.387695 0.203125 0.181641 0.911044
0 0.526367 0.387695 0.216797 0.181641 0.905408
0 0.243164 0.141602 0.201172 0.130859 0.901964
0 0.179688 0.688477 0.214844 0.189453 0.897870
0 0.515625 0.680664 0.230469 0.197266 0.896879
0 0.836914 0.400391 0.220703 0.175781 0.892998
0 0.876953 0.699219 0.234375 0.207031 0.889491
0 0.820312 0.134766 0.214844 0.144531 0.885522
1 0.516602 0.141602 0.169922 0.119141 0.854909
0 0.014648 0.135742 0.029297 0.134766 0.657416
0 0.441406 0.967773 0.265625 0.060547 0.450115
