0 0.914062 0.375977 0.167969 0.173828 0.919100
0 0.616211 0.374023 0.212891 0.173828 0.916519
0 0.891602 0.121094 0.197266 0.140625 0.913040
0 0.307617 0.115234 0.216797 0.148438 0.891844
1 0.285156 0.388672 0.222656 0.175781 0.889708
0 0.586914 0.107422 0.173828 0.136719 0.888503
0 0.268555 0.686523 0.228516 0.193359 0.879800
0 0.627930 0.641602 0.279297 0.263672 0.876915
0 0.043945 0.095703 0.087891 0.125000 0.862910
0 0.951172 0.657227 0.093750 0.201172 0.860821
1 0.047852 0.347656 0.095703 0.203125 0.648596
0 0.014648 0.666992 0.029297 0.248047 0.546314
0 0.964844 0.940430 0.066406 0.115234 0.497143
