1 0.083984 0.455078 0.167969 0.167969 0.923438
0 0.736328 0.475586 0.226562 0.177734 0.918547
0 0.379883 0.459961 0.216797 0.185547 0.901768
0 0.081055 0.746094 0.162109 0.207031 0.896018
0 0.746094 0.761719 0.265625 0.222656 0.895755
0 0.395508 0.755859 0.220703 0.218750 0.886562
0 0.425781 0.190430 0.222656 0.150391 0.876761
0 0.121094 0.202148 0.199219 0.138672 0.871718
0 0.726562 0.197266 0.175781 0.136719 0.856830
0 0.965820 0.205078 0.064453 0.156250 0.785561
0 0.980469 0.469727 0.039062 0.197266 0.472360
