0 0.913086 0.083984 0.169922 0.164062 0.911560
0 0.360352 0.081055 0.212891 0.150391 0.901049
0 0.076172 0.064453 0.152344 0.128906 0.899728
1 0.066406 0.349609 0.132812 0.187500 0.895399
0 0.924805 0.354492 0.146484 0.185547 0.892760
0 0.321289 0.699219 0.255859 0.210938 0.889524
0 0.656250 0.694336 0.257812 0.236328 0.882664
0 0.625977 0.355469 0.224609 0.187500 0.878624
0 0.950195 0.678711 0.095703 0.244141 0.859276
0 0.050781 0.683594 0.101562 0.234375 0.843699
1 0.336914 0.358398 0.228516 0.185547 0.623124
1 0.621094 0.073242 0.175781 0.130859 0.607621
