0 0.805664 0.698242 0.248047 0.201172 0.907980
0 0.103516 0.733398 0.207031 0.232422 0.906121
0 0.759766 0.383789 0.226562 0.193359 0.897156
0 0.100586 0.390625 0.201172 0.195312 0.894556
0 0.431641 0.711914 0.218750 0.208984 0.894065
0 0.439453 0.119141 0.238281 0.160156 0.893693
0 0.417969 0.389648 0.250000 0.189453 0.883827
0 0.741211 0.097656 0.189453 0.125000 0.882158
0 0.976562 0.114258 0.042969 0.216797 0.640594
1 0.123047 0.125000 0.179688 0.140625 0.425220
0 0.988281 0.380859 0.019531 0.187500 0.255565
