1 0.105469 0.463867 0.210938 0.166016 0.917430
0 0.119141 0.747070 0.238281 0.197266 0.906812
0 0.803711 0.693359 0.244141 0.199219 0.904683
0 0.751953 0.433594 0.207031 0.167969 0.904033
0 0.416016 0.186523 0.199219 0.138672 0.896952
0 0.462891 0.718750 0.210938 0.210938 0.896218
0 0.416016 0.447266 0.210938 0.171875 0.894906
0 0.122070 0.214844 0.185547 0.140625 0.878972
0 0.947266 0.168945 0.101562 0.142578 0.867555
0 0.702148 0.179688 0.154297 0.128906 0.847601
0 0.974609 0.404297 0.046875 0.175781 0.438247
