0 0.555664 0.096680 0.212891 0.142578 0.903782
0 0.049805 0.111328 0.099609 0.128906 0.903296
0 0.883789 0.669922 0.228516 0.218750 0.901914
0 0.192383 0.672852 0.267578 0.197266 0.896957
0 0.207031 0.370117 0.214844 0.166016 0.893923
0 0.514648 0.379883 0.212891 0.181641 0.891520
0 0.839844 0.099609 0.171875 0.125000 0.888507
0 0.876953 0.344727 0.183594 0.201172 0.881395
0 0.258789 0.099609 0.166016 0.117188 0.872393
0 0.551758 0.663086 0.232422 0.189453 0.867988
0 0.010742 0.355469 0.021484 0.183594 0.291380
