0 0.918945 0.359375 0.158203 0.183594 0.908896
0 0.263672 0.356445 0.226562 0.177734 0.896927
0 0.306641 0.073242 0.230469 0.146484 0.894751
0 0.904297 0.067383 0.187500 0.134766 0.893477
0 0.604492 0.347656 0.232422 0.175781 0.887987
0 0.930664 0.690430 0.134766 0.228516 0.853443
0 0.637695 0.669922 0.271484 0.257812 0.849790
0 0.596680 0.063477 0.185547 0.115234 0.849114
1 0.262695 0.666992 0.228516 0.216797 0.839626
0 0.041016 0.082031 0.082031 0.140625 0.833169
0 0.016602 0.340820 0.033203 0.185547 0.632905
0 0.605469 0.975586 0.257812 0.044922 0.296569
