0 0.899414 0.424805 0.197266 0.177734 0.915399
0 0.272461 0.416016 0.205078 0.179688 0.911331
0 0.865234 0.167969 0.199219 0.144531 0.908280
0 0.295898 0.162109 0.208984 0.148438 0.899632
0 0.602539 0.417969 0.205078 0.179688 0.898620
0 0.270508 0.726562 0.224609 0.210938 0.893408
0 0.927734 0.717773 0.140625 0.189453 0.889617
0 0.609375 0.710938 0.230469 0.203125 0.889434
1 0.572266 0.167969 0.171875 0.121094 0.879763
0 0.038086 0.154297 0.076172 0.148438 0.853115
0 0.024414 0.403320 0.048828 0.177734 0.714696
0 0.026367 0.708008 0.052734 0.216797 0.656650
